153 14 10 37 280 51 9 31
64 766 10 243 172 356 12 32 36 13117 8 307 147 13 530 40 156 32 90 31
10 402 21 14 31 113 39 139 31
10 3589 21 14 31 616 27 15 399 6 311 36 31

16 8 19 52 872 2 98 871 3 2347 20 300 3
147 5 151 85 634 2 680 20 131 937 31
210 14 201 10 1675 6 449 3 577 598 3
425 7 1 904 5 29 354 9 7531 3
104 28 678 2 49 31

35 14 4
885 626 24 50 688 48 26 33 54 5 77 31
2 14 13 19 79 1100 5 117 6 311 1455 27 104 935 5 37 6 696 9 5 366 159 18 2 2207 5 2075 12 138 152 31
11 91 870 125 98 31

2 660 13 570 24 50 9865 5 6 86 760 3
480 114 5 2 48 9 983 19 54 5 2 66 930 3
6 50 5 347 2 130 660 503 3959 115 3
34 13 64 61 788 169 408 22 34 33 50 1 15 61 375 3